ESCALANOMENTO DE PIVÔS - Modelo M2
----------------------------------

Número de pivôs (setores):
1364

Vazão do Perímetro(rio) - m^3/h:
200000000.0

Tabela:    Setor(Pivô) X     Demanda de água X  Demanda de Energia X   Tempo de irrigação --- (Setores de irrigação)
--------------------------------------------------------------------------------------------------------------------
							1									50.4								7.5  								1 
							2                 50.4                7.5                 1 
							3                 50.4                7.5                 1 
							4                 50.4                7.5                 1 
							5                 50.4                7.5                 1 
							6                 50.4                7.5                 1 
							7                 50.4                7.5                 1 
							8                 50.4                7.5                 1 
							9                 50.4                7.5                 1 
							10                50.4                7.5                 1 
							11                50.4                7.5                 1 
							12                50.4                7.5                 1 
							13                2592                20                  1 
							14                50.4                7.5                 1 
							15                2592                20                  1 
							16                50.4                7.5                 1 
							17                50.4                7.5                 1 
							18                2592                20                  2 
							19                2592                20                  1 
							20                50.4                7.5                 1 
							21                2592                20                  1 
							22                2592                20                  1 
							23                2592                20                  1 
							24                2592                20                  1 
							25                2592                20                  1 
							26                2592                20                  1 
							27                2592                20                  2 
							28                2592                20                  1 
							29                2592                20                  1 
							30                2592                20                  1 
							31                2592                20                  1 
							32                2592                20                  1 
							33                2592                20                  2 
							34                2592                20                  2 
							35                50.4                7.5                 1 
							36                2592                20                  1 
							37                2592                20                  1 
							38                2592                20                  2 
							39                2592                20                  1 
							40                2592                20                  1 
							41                50.4                7.5                 1 
							42                2592                20                  1 
							43                2592                20                  1 
							44                2592                20                  1 
							45                2592                20                  2 
							46                2592                20                  2 
							47                2592                20                  1 
							48                2592                20                  1 
							49                2592                20                  1 
							50                2592                20                  1 
							51                2592                20                  2 
							52                2592                20                  1 
							53                2592                20                  1 
							54                2592                20                  1 
							55                2592                20                  1 
							56                2592                20                  1 
							57                2592                20                  1 
							58                2592                20                  1 
							59                2592                20                  1 
							60                2592                20                  1 
							61                2592                20                  1 
							62                2592                20                  1 
							63                2592                20                  1 
							64                2592                20                  1 
							65                2592                20                  1 
							66                2592                20                  1 
							67                2592                20                  1 
							68                2592                20                  1 
							69                2592                20                  1 
							70                2592                20                  1 
							71                2592                20                  1 
							72                2592                20                  1 
							73                2592                20                  1 
							74                2592                20                  1 
							75                2592                20                  2 
							76                2592                20                  1 
							77                2592                20                  1 
							78                2592                20                  1 
							79                2592                20                  1 
							80                2592                20                  1 
							81                2592                20                  1 
							82                2592                20                  1 
							83                2592                20                  1 
							84                2592                20                  1 
							85                2592                20                  1 
							86                2592                20                  1 
							87                2592                20                  1 
							88                2592                20                  1 
							89                2592                20                  1 
							90                2592                20                  1 
							91                2592                20                  1 
							92                2592                20                  1 
							93                2592                20                  1 
							94                2592                20                  1 
							95                2592                20                  1 
							96                2592                20                  2 
							97                2592                20                  1 
							98                2592                20                  1 
							99                2592                20                  1 
							100               2592                20                  1 
							101               2592                20                  1 
							102               2592                20                  1 
							103               2592                20                  1 
							104               2592                20                  1 
							105               2592                20                  2 
							106               2592                20                  1 
							107               2592                20                  1 
							108               2592                20                  1 
							109               2592                20                  2 
							110               2592                20                  1 
							111               2592                20                  1 
							112               2592                20                  1 
							113               2592                20                  1 
							114               2592                20                  1 
							115               2592                20                  1 
							116               2592                20                  1 
							117               2592                20                  1 
							118               2592                20                  1 
							119               2592                20                  1 
							120               2592                20                  1 
							121               2592                20                  1 
							122               2592                20                  1 
							123               2592                20                  1 
							124               2592                20                  2 
							125               2592                20                  1 
							126               2592                20                  1 
							127               2592                20                  1 
							128               2592                20                  1 
							129               2592                20                  1 
							130               2592                20                  1 
							131               2592                20                  1 
							132               2592                20                  1 
							133               2592                20                  1 
							134               2592                20                  1 
							135               2592                20                  1 
							136               2592                20                  1 
							137               2592                20                  1 
							138               2592                20                  1 
							139               2592                20                  1 
							140               2592                20                  1 
							141               2592                20                  1 
							142               2592                20                  2 
							143               2592                20                  2 
							144               2592                20                  1 
							145               2592                20                  1 
							146               2592                20                  1 
							147               2592                20                  1 
							148               2592                20                  1 
							149               2592                20                  1 
							150               2592                20                  1 
							151               2592                20                  1 
							152               2592                20                  2 
							153               2592                20                  1 
							154               2592                20                  1 
							155               2592                20                  1 
							156               2592                20                  1 
							157               2592                20                  1 
							158               2592                20                  1 
							159               2592                20                  1 
							160               2592                20                  1 
							161               2592                20                  1 
							162               2592                20                  1 
							163               2592                20                  1 
							164               50.4                7.5                 1 
							165               2592                20                  1 
							166               2592                20                  1 
							167               2592                20                  1 
							168               2592                20                  1 
							169               2592                20                  1 
							170               2592                20                  1 
							171               2592                20                  1 
							172               2592                20                  1 
							173               2592                20                  1 
							174               2592                20                  1 
							175               2592                20                  2 
							176               2592                20                  2 
							177               2592                20                  2 
							178               2592                20                  1 
							179               2592                20                  1 
							180               2592                20                  1 
							181               2592                20                  1 
							182               2592                20                  1 
							183               2592                20                  1 
							184               2592                20                  1 
							185               2592                20                  2 
							186               2592                20                  1 
							187               2592                20                  1 
							188               2592                20                  1 
							189               2592                20                  1 
							190               2592                20                  2 
							191               2592                20                  2 
							192               2592                20                  1 
							193               2592                20                  1 
							194               2592                20                  2 
							195               2592                20                  1 
							196               2592                20                  1 
							197               2592                20                  1 
							198               2592                20                  2 
							199               2592                20                  1 
							200               2592                20                  1 
							201               2592                20                  1 
							202               2592                20                  2 
							203               2592                20                  1 
							204               2592                20                  1 
							205               2592                20                  2 
							206               2592                20                  2 
							207               2592                20                  1 
							208               2592                20                  1 
							209               2592                20                  1 
							210               2592                20                  2 
							211               2592                20                  1 
							212               2592                20                  1 
							213               2592                20                  2 
							214               2592                20                  1 
							215               2592                20                  2 
							216               2592                20                  1 
							217               2592                20                  2 
							218               2592                20                  2 
							219               2592                20                  1 
							220               2592                20                  2 
							221               2592                20                  1 
							222               2592                20                  2 
							223               2592                20                  1 
							224               2592                20                  1 
							225               2592                20                  2 
							226               2592                20                  1 
							227               2592                20                  1 
							228               2592                20                  1 
							229               2592                20                  2 
							230               2592                20                  2 
							231               2592                20                  1 
							232               2592                20                  2 
							233               2592                20                  2 
							234               2592                20                  1 
							235               2592                20                  1 
							236               2592                20                  1 
							237               2592                20                  1 
							238               2592                20                  1 
							239               2592                20                  2 
							240               2592                20                  1 
							241               2592                20                  1 
							242               2592                20                  1 
							243               2592                20                  2 
							244               2592                20                  1 
							245               2592                20                  1 
							246               2592                20                  1 
							247               2592                20                  1 
							248               2592                20                  1 
							249               2592                20                  2 
							250               2592                20                  1 
							251               2592                20                  1 
							252               2592                20                  2 
							253               2592                20                  1 
							254               2592                20                  1 
							255               2592                20                  1 
							256               2592                20                  1 
							257               2592                20                  2 
							258               2592                20                  1 
							259               2592                20                  1 
							260               2592                20                  1 
							261               2592                20                  1 
							262               2592                20                  1 
							263               2592                20                  1 
							264               2592                20                  1 
							265               2592                20                  1 
							266               2592                20                  2 
							267               2592                20                  1 
							268               2592                20                  1 
							269               2592                20                  1 
							270               2592                20                  1 
							271               2592                20                  2 
							272               2592                20                  2 
							273               2592                20                  2 
							274               2592                20                  2 
							275               2592                20                  1 
							276               2592                20                  1 
							277               2592                20                  2 
							278               2592                20                  2 
							279               2592                20                  2 
							280               2592                20                  2 
							281               2592                20                  2 
							282               2592                20                  1 
							283               2592                20                  1 
							284               2592                20                  1 
							285               2592                20                  1 
							286               2592                20                  1 
							287               2592                20                  1 
							288               2592                20                  1 
							289               2592                20                  1 
							290               2592                20                  1 
							291               2592                20                  1 
							292               2592                20                  2 
							293               2592                20                  2 
							294               2592                20                  1 
							295               2592                20                  2 
							296               2592                20                  2 
							297               2592                20                  2 
							298               2592                20                  2 
							299               2592                20                  1 
							300               2592                20                  1 
							301               2592                20                  1 
							302               2592                20                  2 
							303               2592                20                  1 
							304               2592                20                  1 
							305               2592                20                  2 
							306               2592                20                  1 
							307               2592                20                  1 
							308               2592                20                  1 
							309               2592                20                  2 
							310               2592                20                  2 
							311               2592                20                  1 
							312               2592                20                  1 
							313               2592                20                  1 
							314               2592                20                  1 
							315               2592                20                  1 
							316               2592                20                  1 
							317               2592                20                  1 
							318               2592                20                  1 
							319               2592                20                  2 
							320               2592                20                  1 
							321               2592                20                  1 
							322               2592                20                  1 
							323               2592                20                  1 
							324               2592                20                  1 
							325               2592                20                  1 
							326               2592                20                  1 
							327               2592                20                  1 
							328               2592                20                  1 
							329               2592                20                  1 
							330               2592                20                  2 
							331               2592                20                  1 
							332               2592                20                  2 
							333               2592                20                  1 
							334               2592                20                  1 
							335               2592                20                  1 
							336               2592                20                  1 
							337               2592                20                  1 
							338               2592                20                  1 
							339               2592                20                  1 
							340               2592                20                  1 
							341               2592                20                  2 
							342               2592                20                  1 
							343               2592                20                  2 
							344               2592                20                  1 
							345               2592                20                  2 
							346               2592                20                  1 
							347               2592                20                  2 
							348               2592                20                  1 
							349               2592                20                  2 
							350               2592                20                  1 
							351               2592                20                  2 
							352               2592                20                  1 
							353               2592                20                  1 
							354               2592                20                  1 
							355               2592                20                  1 
							356               2592                20                  1 
							357               2592                20                  1 
							358               2592                20                  1 
							359               2592                20                  1 
							360               2592                20                  1 
							361               2592                20                  1 
							362               2592                20                  1 
							363               2592                20                  1 
							364               2592                20                  1 
							365               2592                20                  1 
							366               2592                20                  1 
							367               2592                20                  1 
							368               2592                20                  1 
							369               2592                20                  1 
							370               2592                20                  1 
							371               2592                20                  2 
							372               2592                20                  1 
							373               2592                20                  1 
							374               2592                20                  1 
							375               2592                20                  1 
							376               2592                20                  2 
							377               2592                20                  1 
							378               2592                20                  2 
							379               2592                20                  1 
							380               2592                20                  2 
							381               2592                20                  1 
							382               2592                20                  1 
							383               2592                20                  1 
							384               2592                20                  1 
							385               2592                20                  1 
							386               2592                20                  1 
							387               2592                20                  1 
							388               2592                20                  1 
							389               2592                20                  1 
							390               2592                20                  1 
							391               2592                20                  1 
							392               2592                20                  1 
							393               2592                20                  1 
							394               2592                20                  1 
							395               2592                20                  2 
							396               2592                20                  2 
							397               2592                20                  1 
							398               2592                20                  2 
							399               2592                20                  1 
							400               2592                20                  1 
							401               2592                20                  1 
							402               2592                20                  1 
							403               2592                20                  1 
							404               2592                20                  1 
							405               2592                20                  1 
							406               2592                20                  1 
							407               2592                20                  2 
							408               2592                20                  2 
							409               2592                20                  2 
							410               2592                20                  2 
							411               2592                20                  2 
							412               2592                20                  2 
							413               2592                20                  2 
							414               2592                20                  2 
							415               2592                20                  2 
							416               2592                20                  2 
							417               2592                20                  2 
							418               2592                20                  1 
							419               2592                20                  1 
							420               2592                20                  1 
							421               2592                20                  2 
							422               2592                20                  2 
							423               2592                20                  2 
							424               2592                20                  2 
							425               2592                20                  1 
							426               2592                20                  2 
							427               2592                20                  1 
							428               2592                20                  1 
							429               2592                20                  2 
							430               2592                20                  2 
							431               2592                20                  1 
							432               2592                20                  2 
							433               2592                20                  2 
							434               2592                20                  2 
							435               2592                20                  1 
							436               2592                20                  1 
							437               2592                20                  2 
							438               2592                20                  1 
							439               2592                20                  1 
							440               2592                20                  1 
							441               2592                20                  1 
							442               2592                20                  1 
							443               2592                20                  1 
							444               2592                20                  1 
							445               2592                20                  1 
							446               2592                20                  1 
							447               2592                20                  2 
							448               2592                20                  2 
							449               2592                20                  2 
							450               2592                20                  1 
							451               2592                20                  1 
							452               2592                20                  1 
							453               2592                20                  1 
							454               2592                20                  1 
							455               2592                20                  1 
							456               2592                20                  1 
							457               2592                20                  1 
							458               2592                20                  1 
							459               2592                20                  1 
							460               2592                20                  1 
							461               2592                20                  1 
							462               2592                20                  1 
							463               2592                20                  1 
							464               2592                20                  1 
							465               2592                20                  2 
							466               2592                20                  1 
							467               2592                20                  1 
							468               2592                20                  1 
							469               2592                20                  1 
							470               2592                20                  1 
							471               2592                20                  1 
							472               2592                20                  2 
							473               2592                20                  1 
							474               2592                20                  1 
							475               2592                20                  2 
							476               2592                20                  1 
							477               2592                20                  1 
							478               2592                20                  1 
							479               2592                20                  2 
							480               2592                20                  1 
							481               2592                20                  1 
							482               2592                20                  1 
							483               2592                20                  1 
							484               2592                20                  1 
							485               2592                20                  2 
							486               2592                20                  1 
							487               2592                20                  1 
							488               2592                20                  1 
							489               2592                20                  1 
							490               2592                20                  2 
							491               2592                20                  1 
							492               2592                20                  1 
							493               2592                20                  1 
							494               2592                20                  1 
							495               2592                20                  1 
							496               2592                20                  1 
							497               2592                20                  1 
							498               2592                20                  2 
							499               2592                20                  2 
							500               2592                20                  1 
							501               2592                20                  1 
							502               2592                20                  1 
							503               2592                20                  1 
							504               2592                20                  1 
							505               2592                20                  1 
							506               2592                20                  1 
							507               2592                20                  1 
							508               2592                20                  1 
							509               2592                20                  1 
							510               2592                20                  1 
							511               2592                20                  1 
							512               2592                20                  1 
							513               2592                20                  1 
							514               2592                20                  1 
							515               2592                20                  1 
							516               133.2               40                  1 
							517               2592                20                  2 
							518               50.4                7.5                 1 
							519               2592                20                  2 
							520               2592                20                  2 
							521               2592                20                  2 
							522               2592                20                  2 
							523               2592                20                  2 
							524               2592                20                  2 
							525               2592                20                  2 
							526               2592                20                  2 
							527               2592                20                  2 
							528               2592                20                  2 
							529               2592                20                  2 
							530               2592                20                  2 
							531               2592                20                  2 
							532               2592                20                  2 
							533               50.4                7.5                 1 
							534               133.2               40                  1 
							535               50.4                7.5                 1 
							536               50.4                7.5                 1 
							537               50.4                7.5                 1 
							538               50.4                7.5                 1 
							539               50.4                7.5                 2 
							540               50.4                7.5                 2 
							541               50.4                7.5                 2 
							542               133.2               7.5                 2 
							543               50.4                7.5                 2 
							544               50.4                7.5                 1 
							545               50.4                7.5                 1 
							546               50.4                7.5                 1 
							547               50.4                7.5                 1 
							548               50.4                7.5                 2 
							549               50.4                7.5                 2 
							550               50.4                7.5                 2 
							551               50.4                7.5                 2 
							552               50.4                7.5                 2 
							553               133.2               7.5                 1 
							554               50.4                7.5                 2 
							555               50.4                7.5                 2 
							556               50.4                7.5                 2 
							557               133.2               7.5                 1 
							558               50.4                7.5                 2 
							559               50.4                7.5                 2 
							560               2592                20                  2 
							561               50.4                7.5                 2 
							562               50.4                7.5                 2 
							563               50.4                7.5                 2 
							564               50.4                7.5                 2 
							565               133.2               40                  1 
							566               50.4                7.5                 2 
							567               50.4                7.5                 2 
							568               50.4                7.5                 2 
							569               50.4                7.5                 2 
							570               2592                20                  1 
							571               50.4                7.5                 2 
							572               133.2               40                  2 
							573               133.2               7.5                 2 
							574               50.4                7.5                 2 
							575               2592                20                  2 
							576               50.4                7.5                 2 
							577               2592                20                  3 
							578               50.4                7.5                 2 
							579               50.4                7.5                 2 
							580               50.4                7.5                 2 
							581               50.4                7.5                 2 
							582               2592                20                  2 
							583               50.4                7.5                 2 
							584               50.4                7.5                 2 
							585               2592                20                  1 
							586               50.4                7.5                 2 
							587               50.4                7.5                 3 
							588               2592                20                  3 
							589               50.4                7.5                 2 
							590               50.4                7.5                 2 
							591               50.4                7.5                 2 
							592               50.4                7.5                 2 
							593               50.4                7.5                 2 
							594               50.4                7.5                 2 
							595               50.4                7.5                 2 
							596               50.4                7.5                 2 
							597               50.4                7.5                 2 
							598               50.4                7.5                 2 
							599               50.4                7.5                 3 
							600               50.4                7.5                 3 
							601               50.4                7.5                 2 
							602               2592                20                  2 
							603               50.4                7.5                 2 
							604               50.4                7.5                 2 
							605               50.4                7.5                 2 
							606               2592                20                  2 
							607               50.4                7.5                 3 
							608               50.4                7.5                 2 
							609               50.4                7.5                 2 
							610               133.2               40                  2 
							611               50.4                7.5                 2 
							612               2592                20                  2 
							613               50.4                7.5                 2 
							614               133.2               7.5                 2 
							615               50.4                7.5                 3 
							616               133.2               7.5                 2 
							617               50.4                7.5                 3 
							618               50.4                7.5                 2 
							619               50.4                7.5                 2 
							620               133.2               7.5                 1 
							621               50.4                7.5                 3 
							622               50.4                7.5                 2 
							623               50.4                7.5                 2 
							624               50.4                7.5                 2 
							625               50.4                7.5                 3 
							626               2592                20                  1 
							627               50.4                7.5                 2 
							628               50.4                7.5                 2 
							629               50.4                7.5                 2 
							630               50.4                7.5                 2 
							631               50.4                7.5                 2 
							632               50.4                7.5                 2 
							633               50.4                7.5                 2 
							634               133.2               7.5                 2 
							635               50.4                7.5                 2 
							636               50.4                7.5                 2 
							637               50.4                7.5                 2 
							638               50.4                7.5                 2 
							639               50.4                7.5                 2 
							640               50.4                7.5                 2 
							641               50.4                7.5                 0 
							642               50.4                7.5                 0 
							643               133.2               40                  0 
							644               50.4                7.5                 0 
							645               133.2               40                  1 
							646               50.4                7.5                 3 
							647               50.4                7.5                 3 
							648               50.4                7.5                 3 
							649               133.2               7.5                 2 
							650               50.4                7.5                 3 
							651               133.2               7.5                 1 
							652               50.4                7.5                 2 
							653               50.4                7.5                 2 
							654               50.4                7.5                 2 
							655               50.4                7.5                 2 
							656               50.4                7.5                 2 
							657               50.4                7.5                 2 
							658               50.4                7.5                 2 
							659               50.4                7.5                 2 
							660               50.4                7.5                 2 
							661               50.4                7.5                 2 
							662               50.4                7.5                 2 
							663               504000              30                  4 
							664               504000              30                  4 
							665               504000              30                  4 
							666               504000              30                  4 
							667               504000              30                  4 
							668               504000              30                  4 
							669               50.4                7.5                 2 
							670               50.4                7.5                 2 
							671               50.4                7.5                 2 
							672               133.2               40                  2 
							673               504000              30                  4 
							674               50.4                7.5                 3 
							675               133.2               40                  2 
							676               50.4                7.5                 3 
							677               50.4                7.5                 2 
							678               50.4                7.5                 3 
							679               50.4                7.5                 3 
							680               504000              30                  4 
							681               14.4                15                  2 
							682               14.4                15                  2 
							683               50.4                7.5                 2 
							684               14.4                15                  2 
							685               504000              30                  5 
							686               504000              30                  5 
							687               14.4                15                  2 
							688               14.4                15                  2 
							689               14.4                15                  2 
							690               14.4                15                  2 
							691               14.4                15                  2 
							692               133.2               7.5                 2 
							693               14.4                15                  2 
							694               133.2               40                  2 
							695               14.4                15                  2 
							696               14.4                15                  2 
							697               14.4                15                  2 
							698               14.4                15                  3 
							699               504000              30                  9 
							700               504000              30                  9 
							701               504000              30                  9 
							702               504000              30                  9 
							703               14.4                15                  5 
							704               14.4                15                  5 
							705               14.4                15                  3 
							706               14.4                15                  5 
							707               14.4                15                  5 
							708               504000              30                  10
							709               14.4                15                  3 
							710               14.4                15                  3 
							711               504000              30                  10
							712               14.4                15                  5 
							713               14.4                15                  4 
							714               14.4                15                  4 
							715               14.4                15                  4 
							716               14.4                15                  4 
							717               14.4                15                  4 
							718               14.4                15                  4 
							719               14.4                15                  4 
							720               504000              30                  10
							721               14.4                15                  4 
							722               14.4                15                  4 
							723               14.4                15                  4 
							724               14.4                15                  4 
							725               14.4                15                  4 
							726               14.4                15                  4 
							727               14.4                15                  4 
							728               14.4                15                  4 
							729               14.4                15                  4 
							730               14.4                15                  4 
							731               14.4                15                  4 
							732               14.4                15                  4 
							733               14.4                15                  4 
							734               14.4                15                  4 
							735               14.4                15                  4 
							736               14.4                15                  4 
							737               14.4                15                  3 
							738               14.4                15                  3 
							739               14.4                15                  4 
							740               14.4                15                  4 
							741               14.4                15                  4 
							742               14.4                15                  4 
							743               14.4                15                  4 
							744               14.4                15                  4 
							745               14.4                15                  4 
							746               14.4                15                  5 
							747               14.4                15                  5 
							748               14.4                15                  5 
							749               14.4                15                  3 
							750               14.4                15                  3 
							751               14.4                15                  6 
							752               14.4                15                  6 
							753               14.4                15                  4 
							754               14.4                15                  4 
							755               14.4                15                  4 
							756               14.4                15                  6 
							757               504000              30                  11
							758               504000              30                  11
							759               504000              30                  11
							760               504000              30                  11
							761               14.4                15                  6 
							762               14.4                15                  5 
							763               14.4                15                  4 
							764               14.4                15                  4 
							765               14.4                15                  5 
							766               14.4                15                  6 
							767               14.4                15                  6 
							768               14.4                15                  4 
							769               14.4                15                  4 
							770               14.4                15                  5 
							771               14.4                15                  6 
							772               14.4                15                  4 
							773               14.4                15                  4 
							774               14.4                15                  6 
							775               14.4                15                  4 
							776               14.4                15                  4 
							777               14.4                15                  4 
							778               14.4                15                  4 
							779               14.4                15                  4 
							780               14.4                15                  4 
							781               14.4                15                  4 
							782               14.4                15                  4 
							783               504000              30                  11
							784               14.4                15                  4 
							785               14.4                15                  5 
							786               14.4                15                  5 
							787               14.4                15                  4 
							788               14.4                15                  4 
							789               14.4                15                  5 
							790               14.4                15                  5 
							791               14.4                15                  5 
							792               14.4                15                  5 
							793               14.4                15                  5 
							794               14.4                15                  5 
							795               14.4                15                  5 
							796               14.4                15                  5 
							797               504000              30                  12
							798               14.4                15                  6 
							799               14.4                15                  4 
							800               14.4                15                  4 
							801               14.4                15                  5 
							802               14.4                15                  5 
							803               14.4                15                  6 
							804               14.4                15                  6 
							805               14.4                15                  6 
							806               504000              30                  12
							807               14.4                15                  4 
							808               14.4                15                  4 
							809               14.4                15                  4 
							810               504000              30                  12
							811               504000              30                  12
							812               504000              30                  12
							813               14.4                15                  4 
							814               14.4                15                  4 
							815               14.4                15                  4 
							816               14.4                15                  4 
							817               14.4                15                  4 
							818               14.4                15                  4 
							819               14.4                15                  4 
							820               14.4                15                  4 
							821               14.4                15                  4 
							822               14.4                15                  4 
							823               14.4                15                  4 
							824               14.4                15                  4 
							825               504000              30                  13
							826               14.4                15                  4 
							827               14.4                15                  4 
							828               504000              30                  13
							829               14.4                15                  4 
							830               14.4                15                  4 
							831               14.4                15                  5 
							832               14.4                15                  5 
							833               504000              30                  13
							834               504000              30                  14
							835               504000              30                  14
							836               504000              30                  14
							837               504000              30                  15
							838               14.4                15                  6 
							839               14.4                15                  6 
							840               14.4                15                  6 
							841               14.4                15                  6 
							842               14.4                15                  6 
							843               14.4                15                  5 
							844               14.4                15                  4 
							845               14.4                15                  4 
							846               14.4                15                  3 
							847               14.4                15                  4 
							848               504000              30                  20
							849               14.4                15                  3 
							850               14.4                15                  4 
							851               14.4                15                  4 
							852               14.4                15                  4 
							853               14.4                15                  4 
							854               504000              30                  19
							855               14.4                15                  3 
							856               14.4                15                  4 
							857               504000              30                  20
							858               14.4                15                  4 
							859               14.4                15                  4 
							860               14.4                15                  3 
							861               14.4                15                  5 
							862               504000              30                  21
							863               504000              30                  20
							864               504000              30                  20
							865               504000              30                  20
							866               504000              30                  20
							867               14.4                15                  4 
							868               14.4                15                  4 
							869               14.4                15                  4 
							870               14.4                15                  4 
							871               14.4                15                  3 
							872               504000              30                  20
							873               14.4                15                  6 
							874               14.4                15                  4 
							875               504000              30                  21
							876               504000              30                  20
							877               504000              30                  20
							878               504000              30                  20
							879               504000              30                  20
							880               504000              30                  20
							881               504000              30                  20
							882               504000              30                  20
							883               504000              30                  20
							884               504000              30                  20
							885               504000              30                  20
							886               504000              30                  20
							887               504000              30                  20
							888               504000              30                  20
							889               504000              30                  20
							890               504000              30                  20
							891               504000              30                  20
							892               504000              30                  20
							893               504000              30                  20
							894               504000              30                  20
							895               504000              30                  20
							896               504000              30                  20
							897               504000              30                  20
							898               504000              30                  20
							899               504000              30                  20
							900               504000              30                  20
							901               504000              30                  20
							902               504000              30                  20
							903               504000              30                  20
							904               504000              30                  20
							905               504000              30                  20
							906               504000              30                  20
							907               504000              30                  20
							908               504000              30                  20
							909               504000              30                  20
							910               504000              30                  20
							911               504000              30                  20
							912               504000              30                  20
							913               504000              30                  20
							914               504000              30                  20
							915               504000              30                  20
							916               504000              30                  20
							917               504000              30                  20
							918               504000              30                  20
							919               504000              30                  20
							920               504000              30                  20
							921               504000              30                  20
							922               504000              30                  20
							923               504000              30                  20
							924               504000              30                  20
							925               504000              30                  20
							926               504000              30                  20
							927               504000              30                  20
							928               504000              30                  20
							929               504000              30                  20
							930               504000              30                  20
							931               504000              30                  20
							932               504000              30                  20
							933               504000              30                  20
							934               14.4                15                  4 
							935               504000              30                  20
							936               14.4                15                  5 
							937               504000              30                  20
							938               14.4                15                  4 
							939               14.4                15                  4 
							940               14.4                15                  5 
							941               504000              30                  20
							942               504000              30                  20
							943               504000              30                  20
							944               504000              30                  20
							945               14.4                15                  5 
							946               14.4                15                  4 
							947               14.4                15                  4 
							948               14.4                15                  3 
							949               504000              30                  20
							950               504000              30                  20
							951               14.4                15                  4 
							952               504000              30                  21
							953               504000              30                  21
							954               504000              30                  21
							955               14.4                15                  4 
							956               14.4                15                  3 
							957               504000              30                  21
							958               14.4                15                  4 
							959               504000              30                  21
							960               504000              30                  21
							961               14.4                15                  4 
							962               14.4                15                  6 
							963               14.4                15                  4 
							964               504000              30                  21
							965               504000              30                  21
							966               14.4                15                  3 
							967               504000              30                  21
							968               504000              30                  21
							969               14.4                15                  5 
							970               504000              30                  21
							971               504000              30                  21
							972               504000              30                  21
							973               504000              30                  22
							974               14.4                15                  5 
							975               504000              30                  21
							976               504000              30                  21
							977               504000              30                  21
							978               504000              30                  21
							979               504000              30                  21
							980               504000              30                  22
							981               504000              30                  21
							982               504000              30                  21
							983               504000              30                  21
							984               504000              30                  21
							985               504000              30                  21
							986               14.4                15                  6 
							987               14.4                15                  4 
							988               14.4                15                  4 
							989               14.4                15                  4 
							990               504000              30                  21
							991               14.4                15                  4 
							992               14.4                15                  4 
							993               14.4                15                  5 
							994               504000              30                  22
							995               14.4                15                  5 
							996               504000              30                  22
							997               14.4                15                  4 
							998               504000              30                  22
							999               504000              30                  22
							1000              504000              30                  22
							1001              504000              30                  22
							1002              504000              30                  22
							1003              504000              30                  22
							1004              504000              30                  22
							1005              504000              30                  22
							1006              504000              30                  22
							1007              14.4                15                  4 
							1008              14.4                15                  5 
							1009              504000              30                  22
							1010              14.4                15                  4 
							1011              14.4                15                  4 
							1012              504000              30                  23
							1013              504000              30                  23
							1014              504000              30                  23
							1015              504000              30                  23
							1016              504000              30                  23
							1017              14.4                15                  4 
							1018              504000              30                  23
							1019              14.4                15                  3 
							1020              504000              30                  23
							1021              504000              30                  23
							1022              504000              30                  23
							1023              504000              30                  23
							1024              504000              30                  23
							1025              14.4                15                  3 
							1026              504000              30                  24
							1027              504000              30                  24
							1028              504000              30                  24
							1029              504000              30                  24
							1030              14.4                15                  4 
							1031              504000              30                  24
							1032              504000              30                  24
							1033              14.4                15                  4 
							1034              504000              30                  24
							1035              504000              30                  24
							1036              504000              30                  24
							1037              504000              30                  24
							1038              504000              30                  24
							1039              504000              30                  24
							1040              504000              30                  24
							1041              504000              30                  24
							1042              504000              30                  24
							1043              504000              30                  24
							1044              14.4                15                  24
							1045              504000              30                  24
							1046              14.4                15                  24
							1047              14.4                15                  24
							1048              504000              30                  24
							1049              504000              30                  24
							1050              504000              30                  24
							1051              504000              30                  24
							1052              504000              30                  24
							1053              504000              30                  24
							1054              504000              30                  24
							1055              504000              30                  24
							1056              504000              30                  24
							1057              504000              30                  24
							1058              14.4                15                  24
							1059              504000              30                  24
							1060              504000              30                  24
							1061              504000              30                  24
							1062              504000              30                  24
							1063              504000              30                  24
							1064              504000              30                  24
							1065              504000              30                  24
							1066              504000              30                  24
							1067              504000              30                  24
							1068              504000              30                  24
							1069              504000              30                  24
							1070              14.4                15                  24
							1071              504000              30                  24
							1072              504000              30                  24
							1073              504000              30                  24
							1074              504000              30                  24
							1075              504000              30                  24
							1076              504000              30                  24
							1077              504000              30                  24
							1078              504000              30                  24
							1079              504000              30                  24
							1080              504000              30                  24
							1081              504000              30                  24
							1082              14.4                15                  24
							1083              14.4                15                  24
							1084              504000              30                  24
							1085              504000              30                  24
							1086              504000              30                  24
							1087              504000              30                  24
							1088              230400              30                  24
							1089              230400              30                  24
							1090              230400              30                  24
							1091              230400              30                  24
							1092              230400              30                  24
							1093              230400              30                  24
							1094              230400              30                  24
							1095              504000              30                  24
							1096              230400              30                  24
							1097              230400              30                  24
							1098              230400              30                  24
							1099              230400              30                  24
							1100              230400              30                  24
							1101              230400              30                  24
							1102              230400              30                  24
							1103              230400              30                  24
							1104              230400              30                  24
							1105              230400              30                  24
							1106              230400              30                  24
							1107              230400              30                  24
							1108              230400              30                  24
							1109              230400              30                  24
							1110              230400              30                  24
							1111              230400              30                  24
							1112              230400              30                  24
							1113              230400              30                  24
							1114              230400              30                  24
							1115              230400              30                  24
							1116              230400              30                  24
							1117              230400              30                  24
							1118              230400              30                  24
							1119              230400              30                  24
							1120              230400              30                  24
							1121              230400              30                  24
							1122              230400              30                  24
							1123              230400              30                  24
							1124              230400              30                  24
							1125              230400              30                  24
							1126              230400              30                  24
							1127              230400              30                  24
							1128              504000              30                  24
							1129              504000              30                  23
							1130              504000              30                  23
							1131              504000              30                  22
							1132              504000              30                  22
							1133              504000              30                  22
							1134              504000              30                  22
							1135              504000              30                  22
							1136              504000              30                  22
							1137              504000              30                  21
							1138              504000              30                  21
							1139              504000              30                  21
							1140              504000              30                  21
							1141              504000              30                  21
							1142              504000              30                  21
							1143              504000              30                  21
							1144              504000              30                  21
							1145              504000              30                  21
							1146              504000              30                  21
							1147              504000              30                  21
							1148              504000              30                  21
							1149              504000              30                  21
							1150              504000              30                  21
							1151              504000              30                  21
							1152              504000              30                  21
							1153              504000              30                  21
							1154              504000              30                  21
							1155              504000              30                  21
							1156              504000              30                  21
							1157              504000              30                  21
							1158              504000              30                  20
							1159              504000              30                  20
							1160              504000              30                  20
							1161              504000              30                  20
							1162              504000              30                  20
							1163              504000              30                  20
							1164              504000              30                  20
							1165              504000              30                  20
							1166              504000              30                  20
							1167              504000              30                  20
							1168              504000              30                  20
							1169              504000              30                  20
							1170              504000              30                  20
							1171              504000              30                  20
							1172              504000              30                  20
							1173              504000              30                  20
							1174              504000              30                  20
							1175              504000              30                  20
							1176              504000              30                  20
							1177              504000              30                  20
							1178              504000              30                  20
							1179              504000              30                  20
							1180              504000              30                  20
							1181              504000              30                  20
							1182              230400              30                  20
							1183              230400              30                  20
							1184              230400              30                  20
							1185              230400              30                  20
							1186              230400              30                  20
							1187              230400              30                  20
							1188              230400              30                  20
							1189              230400              30                  20
							1190              504000              30                  20
							1191              504000              30                  20
							1192              504000              30                  20
							1193              504000              30                  20
							1194              504000              30                  20
							1195              504000              30                  20
							1196              504000              30                  20
							1197              504000              30                  20
							1198              504000              30                  20
							1199              504000              30                  20
							1200              504000              30                  20
							1201              504000              30                  20
							1202              504000              30                  20
							1203              504000              30                  20
							1204              504000              30                  20
							1205              504000              30                  20
							1206              504000              30                  20
							1207              504000              30                  20
							1208              504000              30                  20
							1209              504000              30                  20
							1210              504000              30                  20
							1211              504000              30                  20
							1212              504000              30                  20
							1213              504000              30                  20
							1214              504000              30                  20
							1215              504000              30                  20
							1216              504000              30                  20
							1217              504000              30                  20
							1218              504000              30                  20
							1219              504000              30                  20
							1220              504000              30                  20
							1221              504000              30                  20
							1222              504000              30                  20
							1223              504000              30                  20
							1224              504000              30                  20
							1225              504000              30                  20
							1226              504000              30                  20
							1227              504000              30                  20
							1228              504000              30                  20
							1229              504000              30                  20
							1230              504000              30                  20
							1231              504000              30                  20
							1232              504000              30                  20
							1233              504000              30                  20
							1234              504000              30                  20
							1235              504000              30                  20
							1236              504000              30                  20
							1237              504000              30                  20
							1238              504000              30                  20
							1239              504000              30                  20
							1240              504000              30                  20
							1241              504000              30                  20
							1242              504000              30                  20
							1243              504000              30                  20
							1244              504000              30                  20
							1245              504000              30                  20
							1246              504000              30                  20
							1247              504000              30                  20
							1248              504000              30                  20
							1249              504000              30                  20
							1250              504000              30                  20
							1251              504000              30                  20
							1252              504000              30                  20
							1253              504000              30                  20
							1254              504000              30                  20
							1255              504000              30                  20
							1256              504000              30                  20
							1257              504000              30                  20
							1258              504000              30                  20
							1259              504000              30                  20
							1260              504000              30                  20
							1261              504000              30                  20
							1262              504000              30                  20
							1263              504000              30                  20
							1264              504000              30                  20
							1265              504000              30                  20
							1266              504000              30                  20
							1267              504000              30                  20
							1268              504000              30                  20
							1269              504000              30                  20
							1270              504000              30                  20
							1271              504000              30                  20
							1272              504000              30                  20
							1273              504000              30                  20
							1274              504000              30                  20
							1275              504000              30                  20
							1276              504000              30                  20
							1277              504000              30                  20
							1278              504000              30                  20
							1279              504000              30                  20
							1280              504000              30                  20
							1281              504000              30                  20
							1282              504000              30                  20
							1283              504000              30                  20
							1284              504000              30                  20
							1285              504000              30                  20
							1286              504000              30                  20
							1287              504000              30                  20
							1288              504000              30                  20
							1289              504000              30                  20
							1290              504000              30                  20
							1291              504000              30                  20
							1292              504000              30                  20
							1293              504000              30                  20
							1294              504000              30                  20
							1295              504000              30                  20
							1296              504000              30                  20
							1297              504000              30                  20
							1298              504000              30                  20
							1299              504000              30                  20
							1300              504000              30                  20
							1301              504000              30                  20
							1302              504000              30                  20
							1303              504000              30                  20
							1304              504000              30                  20
							1305              504000              30                  20
							1306              504000              30                  20
							1307              504000              30                  20
							1308              504000              30                  20
							1309              504000              30                  20
							1310              504000              30                  20
							1311              504000              30                  20
							1312              504000              30                  20
							1313              504000              30                  20
							1314              504000              30                  20
							1315              504000              30                  20
							1316              504000              30                  20
							1317              504000              30                  20
							1318              504000              30                  20
							1319              504000              30                  20
							1320              504000              30                  20
							1321              504000              30                  20
							1322              504000              30                  20
							1323              504000              30                  20
							1324              504000              30                  20
							1325              504000              30                  20
							1326              504000              30                  20
							1327              504000              30                  20
							1328              504000              30                  20
							1329              504000              30                  20
							1330              504000              30                  20
							1331              504000              30                  20
							1332              504000              30                  20
							1333              504000              30                  20
							1334              504000              30                  20
							1335              504000              30                  20
							1336              504000              30                  20
							1337              504000              30                  20
							1338              504000              30                  20
							1339              504000              30                  20
							1340              504000              30                  20
							1341              504000              30                  20
							1342              504000              30                  20
							1343              504000              30                  20
							1344              504000              30                  20
							1345              504000              30                  20
							1346              230400              30                  20
							1347              230400              30                  20
							1348              230400              30                  20
							1349              230400              30                  20
							1350              230400              30                  20
							1351              230400              30                  20
							1352              230400              30                  20
							1353              230400              30                  20
							1354              230400              30                  20
							1355              230400              30                  20
							1356              230400              30                  20
							1357              230400              30                  20
							1358              230400              30                  20
							1359              230400              30                  20
							1360              230400              30                  20
							1361              230400              30                  20
							1362              230400              30                  20
							1363              230400              30                  17
							1364              230400              30                  17
