1	50,4	7,5	1		0,014		3600
2	50,4	7,5	1		0,014		3600
3	50,4	7,5	1		0,014		3600
4	50,4	7,5	1		0,014		3600
5	50,4	7,5	1		0,014		3600
6	50,4	7,5	1		0,014		3600
7	50,4	7,5	1		0,014		3600
8	50,4	7,5	1		0,014		3600
9	50,4	7,5	1		0,014		3600
10	50,4	7,5	1		0,014		3600
11	50,4	7,5	1		0,014		3600
12	50,4	7,5	1		0,014		3600
13	2592	20	1		0,72		3600
14	50,4	7,5	1		0,014		3600
15	2592	20	1		0,72		3600
16	50,4	7,5	1		0,014		3600
17	50,4	7,5	1		0,014		3600
18	2592	20	2		0,72		3600
19	2592	20	1		0,72		3600
20	50,4	7,5	1		0,014		3600
21	2592	20	1		0,72		3600
22	2592	20	1		0,72		3600
23	2592	20	1		0,72		3600
24	2592	20	1		0,72		3600
25	2592	20	1		0,72		3600
26	2592	20	1		0,72		3600
27	2592	20	2		0,72		3600
28	2592	20	1		0,72		3600
29	2592	20	1		0,72		3600
30	2592	20	1		0,72		3600
31	2592	20	1		0,72		3600
32	2592	20	1		0,72		3600
33	2592	20	2		0,72		3600
34	2592	20	2		0,72		3600
35	50,4	7,5	1		0,014		3600
36	2592	20	1		0,72		3600
37	2592	20	1		0,72		3600
38	2592	20	2		0,72		3600
39	2592	20	1		0,72		3600
40	2592	20	1		0,72		3600
41	50,4	7,5	1		0,014		3600
42	2592	20	1		0,72		3600
43	2592	20	1		0,72		3600
44	2592	20	1		0,72		3600
45	2592	20	2		0,72		3600
46	2592	20	2		0,72		3600
47	2592	20	1		0,72		3600
48	2592	20	1		0,72		3600
49	2592	20	1		0,72		3600
50	2592	20	1		0,72		3600
51	2592	20	2		0,72		3600
52	2592	20	1		0,72		3600
53	2592	20	1		0,72		3600
54	2592	20	1		0,72		3600
55	2592	20	1		0,72		3600
56	2592	20	1		0,72		3600
57	2592	20	1		0,72		3600
58	2592	20	1		0,72		3600
59	2592	20	1		0,72		3600
60	2592	20	1		0,72		3600
61	2592	20	1		0,72		3600
62	2592	20	1		0,72		3600
63	2592	20	1		0,72		3600
64	2592	20	1		0,72		3600
65	2592	20	1		0,72		3600
66	2592	20	1		0,72		3600
67	2592	20	1		0,72		3600
68	2592	20	1		0,72		3600
69	2592	20	1		0,72		3600
70	2592	20	1		0,72		3600
71	2592	20	1		0,72		3600
72	2592	20	1		0,72		3600
73	2592	20	1		0,72		3600
74	2592	20	1		0,72		3600
75	2592	20	2		0,72		3600
76	2592	20	1		0,72		3600
77	2592	20	1		0,72		3600
78	2592	20	1		0,72		3600
79	2592	20	1		0,72		3600
80	2592	20	1		0,72		3600
81	2592	20	1		0,72		3600
82	2592	20	1		0,72		3600
83	2592	20	1		0,72		3600
84	2592	20	1		0,72		3600
85	2592	20	1		0,72		3600
86	2592	20	1		0,72		3600
87	2592	20	1		0,72		3600
88	2592	20	1		0,72		3600
89	2592	20	1		0,72		3600
90	2592	20	1		0,72		3600
91	2592	20	1		0,72		3600
92	2592	20	1		0,72		3600
93	2592	20	1		0,72		3600
94	2592	20	1		0,72		3600
95	2592	20	1		0,72		3600
96	2592	20	2		0,72		3600
97	2592	20	1		0,72		3600
98	2592	20	1		0,72		3600
99	2592	20	1		0,72		3600
100	2592	20	1		0,72		3600
101	2592	20	1		0,72		3600
102	2592	20	1		0,72		3600
103	2592	20	1		0,72		3600
104	2592	20	1		0,72		3600
105	2592	20	2		0,72		3600
106	2592	20	1		0,72		3600
107	2592	20	1		0,72		3600
108	2592	20	1		0,72		3600
109	2592	20	2		0,72		3600
110	2592	20	1		0,72		3600
111	2592	20	1		0,72		3600
112	2592	20	1		0,72		3600
113	2592	20	1		0,72		3600
114	2592	20	1		0,72		3600
115	2592	20	1		0,72		3600
116	2592	20	1		0,72		3600
117	2592	20	1		0,72		3600
118	2592	20	1		0,72		3600
119	2592	20	1		0,72		3600
120	2592	20	1		0,72		3600
121	2592	20	1		0,72		3600
122	2592	20	1		0,72		3600
123	2592	20	1		0,72		3600
124	2592	20	2		0,72		3600
125	2592	20	1		0,72		3600
126	2592	20	1		0,72		3600
127	2592	20	1		0,72		3600
128	2592	20	1		0,72		3600
129	2592	20	1		0,72		3600
130	2592	20	1		0,72		3600
131	2592	20	1		0,72		3600
132	2592	20	1		0,72		3600
133	2592	20	1		0,72		3600
134	2592	20	1		0,72		3600
135	2592	20	1		0,72		3600
136	2592	20	1		0,72		3600
137	2592	20	1		0,72		3600
138	2592	20	1		0,72		3600
139	2592	20	1		0,72		3600
140	2592	20	1		0,72		3600
141	2592	20	1		0,72		3600
142	2592	20	2		0,72		3600
143	2592	20	2		0,72		3600
144	2592	20	1		0,72		3600
145	2592	20	1		0,72		3600
146	2592	20	1		0,72		3600
147	2592	20	1		0,72		3600
148	2592	20	1		0,72		3600
149	2592	20	1		0,72		3600
150	2592	20	1		0,72		3600
151	2592	20	1		0,72		3600
152	2592	20	2		0,72		3600
153	2592	20	1		0,72		3600
154	2592	20	1		0,72		3600
155	2592	20	1		0,72		3600
156	2592	20	1		0,72		3600
157	2592	20	1		0,72		3600
158	2592	20	1		0,72		3600
159	2592	20	1		0,72		3600
160	2592	20	1		0,72		3600
161	2592	20	1		0,72		3600
162	2592	20	1		0,72		3600
163	2592	20	1		0,72		3600
164	50,4	7,5	1		0,014		3600
165	2592	20	1		0,72		3600
166	2592	20	1		0,72		3600
167	2592	20	1		0,72		3600
168	2592	20	1		0,72		3600
169	2592	20	1		0,72		3600
170	2592	20	1		0,72		3600
171	2592	20	1		0,72		3600
172	2592	20	1		0,72		3600
173	2592	20	1		0,72		3600
174	2592	20	1		0,72		3600
175	2592	20	2		0,72		3600
176	2592	20	2		0,72		3600
177	2592	20	2		0,72		3600
178	2592	20	1		0,72		3600
179	2592	20	1		0,72		3600
180	2592	20	1		0,72		3600
181	2592	20	1		0,72		3600
182	2592	20	1		0,72		3600
183	2592	20	1		0,72		3600
184	2592	20	1		0,72		3600
185	2592	20	2		0,72		3600
186	2592	20	1		0,72		3600
187	2592	20	1		0,72		3600
188	2592	20	1		0,72		3600
189	2592	20	1		0,72		3600
190	2592	20	2		0,72		3600
191	2592	20	2		0,72		3600
192	2592	20	1		0,72		3600
193	2592	20	1		0,72		3600
194	2592	20	2		0,72		3600
195	2592	20	1		0,72		3600
196	2592	20	1		0,72		3600
197	2592	20	1		0,72		3600
198	2592	20	2		0,72		3600
199	2592	20	1		0,72		3600
200	2592	20	1		0,72		3600
201	2592	20	1		0,72		3600
202	2592	20	2		0,72		3600
203	2592	20	1		0,72		3600
204	2592	20	1		0,72		3600
205	2592	20	2		0,72		3600
206	2592	20	2		0,72		3600
207	2592	20	1		0,72		3600
208	2592	20	1		0,72		3600
209	2592	20	1		0,72		3600
210	2592	20	2		0,72		3600
211	2592	20	1		0,72		3600
212	2592	20	1		0,72		3600
213	2592	20	2		0,72		3600
214	2592	20	1		0,72		3600
215	2592	20	2		0,72		3600
216	2592	20	1		0,72		3600
217	2592	20	2		0,72		3600
218	2592	20	2		0,72		3600
219	2592	20	1		0,72		3600
220	2592	20	2		0,72		3600
221	2592	20	1		0,72		3600
222	2592	20	2		0,72		3600
223	2592	20	1		0,72		3600
224	2592	20	1		0,72		3600
225	2592	20	2		0,72		3600
226	2592	20	1		0,72		3600
227	2592	20	1		0,72		3600
228	2592	20	1		0,72		3600
229	2592	20	2		0,72		3600
230	2592	20	2		0,72		3600
231	2592	20	1		0,72		3600
232	2592	20	2		0,72		3600
233	2592	20	2		0,72		3600
234	2592	20	1		0,72		3600
235	2592	20	1		0,72		3600
236	2592	20	1		0,72		3600
237	2592	20	1		0,72		3600
238	2592	20	1		0,72		3600
239	2592	20	2		0,72		3600
240	2592	20	1		0,72		3600
241	2592	20	1		0,72		3600
242	2592	20	1		0,72		3600
243	2592	20	2		0,72		3600
244	2592	20	1		0,72		3600
245	2592	20	1		0,72		3600
246	2592	20	1		0,72		3600
247	2592	20	1		0,72		3600
248	2592	20	1		0,72		3600
249	2592	20	2		0,72		3600
250	2592	20	1		0,72		3600
251	2592	20	1		0,72		3600
252	2592	20	2		0,72		3600
253	2592	20	1		0,72		3600
254	2592	20	1		0,72		3600
255	2592	20	1		0,72		3600
256	2592	20	1		0,72		3600
257	2592	20	2		0,72		3600
258	2592	20	1		0,72		3600
259	2592	20	1		0,72		3600
260	2592	20	1		0,72		3600
261	2592	20	1		0,72		3600
262	2592	20	1		0,72		3600
263	2592	20	1		0,72		3600
264	2592	20	1		0,72		3600
265	2592	20	1		0,72		3600
266	2592	20	2		0,72		3600
267	2592	20	1		0,72		3600
268	2592	20	1		0,72		3600
269	2592	20	1		0,72		3600
270	2592	20	1		0,72		3600
271	2592	20	2		0,72		3600
272	2592	20	2		0,72		3600
273	2592	20	2		0,72		3600
274	2592	20	2		0,72		3600
275	2592	20	1		0,72		3600
276	2592	20	1		0,72		3600
277	2592	20	2		0,72		3600
278	2592	20	2		0,72		3600
279	2592	20	2		0,72		3600
280	2592	20	2		0,72		3600
281	2592	20	2		0,72		3600
282	2592	20	1		0,72		3600
283	2592	20	1		0,72		3600
284	2592	20	1		0,72		3600
285	2592	20	1		0,72		3600
286	2592	20	1		0,72		3600
287	2592	20	1		0,72		3600
288	2592	20	1		0,72		3600
289	2592	20	1		0,72		3600
290	2592	20	1		0,72		3600
291	2592	20	1		0,72		3600
292	2592	20	2		0,72		3600
293	2592	20	2		0,72		3600
294	2592	20	1		0,72		3600
295	2592	20	2		0,72		3600
296	2592	20	2		0,72		3600
297	2592	20	2		0,72		3600
298	2592	20	2		0,72		3600
299	2592	20	1		0,72		3600
300	2592	20	1		0,72		3600
301	2592	20	1		0,72		3600
302	2592	20	2		0,72		3600
303	2592	20	1		0,72		3600
304	2592	20	1		0,72		3600
305	2592	20	2		0,72		3600
306	2592	20	1		0,72		3600
307	2592	20	1		0,72		3600
308	2592	20	1		0,72		3600
309	2592	20	2		0,72		3600
310	2592	20	2		0,72		3600
311	2592	20	1		0,72		3600
312	2592	20	1		0,72		3600
313	2592	20	1		0,72		3600
314	2592	20	1		0,72		3600
315	2592	20	1		0,72		3600
316	2592	20	1		0,72		3600
317	2592	20	1		0,72		3600
318	2592	20	1		0,72		3600
319	2592	20	2		0,72		3600
320	2592	20	1		0,72		3600
321	2592	20	1		0,72		3600
322	2592	20	1		0,72		3600
323	2592	20	1		0,72		3600
324	2592	20	1		0,72		3600
325	2592	20	1		0,72		3600
326	2592	20	1		0,72		3600
327	2592	20	1		0,72		3600
328	2592	20	1		0,72		3600
329	2592	20	1		0,72		3600
330	2592	20	2		0,72		3600
331	2592	20	1		0,72		3600
332	2592	20	2		0,72		3600
333	2592	20	1		0,72		3600
334	2592	20	1		0,72		3600
335	2592	20	1		0,72		3600
336	2592	20	1		0,72		3600
337	2592	20	1		0,72		3600
338	2592	20	1		0,72		3600
339	2592	20	1		0,72		3600
340	2592	20	1		0,72		3600
341	2592	20	2		0,72		3600
342	2592	20	1		0,72		3600
343	2592	20	2		0,72		3600
344	2592	20	1		0,72		3600
345	2592	20	2		0,72		3600
346	2592	20	1		0,72		3600
347	2592	20	2		0,72		3600
348	2592	20	1		0,72		3600
349	2592	20	2		0,72		3600
350	2592	20	1		0,72		3600
351	2592	20	2		0,72		3600
352	2592	20	1		0,72		3600
353	2592	20	1		0,72		3600
354	2592	20	1		0,72		3600
355	2592	20	1		0,72		3600
356	2592	20	1		0,72		3600
357	2592	20	1		0,72		3600
358	2592	20	1		0,72		3600
359	2592	20	1		0,72		3600
360	2592	20	1		0,72		3600
361	2592	20	1		0,72		3600
362	2592	20	1		0,72		3600
363	2592	20	1		0,72		3600
364	2592	20	1		0,72		3600
365	2592	20	1		0,72		3600
366	2592	20	1		0,72		3600
367	2592	20	1		0,72		3600
368	2592	20	1		0,72		3600
369	2592	20	1		0,72		3600
370	2592	20	1		0,72		3600
371	2592	20	2		0,72		3600
372	2592	20	1		0,72		3600
373	2592	20	1		0,72		3600
374	2592	20	1		0,72		3600
375	2592	20	1		0,72		3600
376	2592	20	2		0,72		3600
377	2592	20	1		0,72		3600
378	2592	20	2		0,72		3600
379	2592	20	1		0,72		3600
380	2592	20	2		0,72		3600
381	2592	20	1		0,72		3600
382	2592	20	1		0,72		3600
383	2592	20	1		0,72		3600
384	2592	20	1		0,72		3600
385	2592	20	1		0,72		3600
386	2592	20	1		0,72		3600
387	2592	20	1		0,72		3600
388	2592	20	1		0,72		3600
389	2592	20	1		0,72		3600
390	2592	20	1		0,72		3600
391	2592	20	1		0,72		3600
392	2592	20	1		0,72		3600
393	2592	20	1		0,72		3600
394	2592	20	1		0,72		3600
395	2592	20	2		0,72		3600
396	2592	20	2		0,72		3600
397	2592	20	1		0,72		3600
398	2592	20	2		0,72		3600
399	2592	20	1		0,72		3600
400	2592	20	1		0,72		3600
401	2592	20	1		0,72		3600
402	2592	20	1		0,72		3600
403	2592	20	1		0,72		3600
404	2592	20	1		0,72		3600
405	2592	20	1		0,72		3600
406	2592	20	1		0,72		3600
407	2592	20	2		0,72		3600
408	2592	20	2		0,72		3600
409	2592	20	2		0,72		3600
410	2592	20	2		0,72		3600
411	2592	20	2		0,72		3600
412	2592	20	2		0,72		3600
413	2592	20	2		0,72		3600
414	2592	20	2		0,72		3600
415	2592	20	2		0,72		3600
416	2592	20	2		0,72		3600
417	2592	20	2		0,72		3600
418	2592	20	1		0,72		3600
419	2592	20	1		0,72		3600
420	2592	20	1		0,72		3600
421	2592	20	2		0,72		3600
422	2592	20	2		0,72		3600
423	2592	20	2		0,72		3600
424	2592	20	2		0,72		3600
425	2592	20	1		0,72		3600
426	2592	20	2		0,72		3600
427	2592	20	1		0,72		3600
428	2592	20	1		0,72		3600
429	2592	20	2		0,72		3600
430	2592	20	2		0,72		3600
431	2592	20	1		0,72		3600
432	2592	20	2		0,72		3600
433	2592	20	2		0,72		3600
434	2592	20	2		0,72		3600
435	2592	20	1		0,72		3600
436	2592	20	1		0,72		3600
437	2592	20	2		0,72		3600
438	2592	20	1		0,72		3600
439	2592	20	1		0,72		3600
440	2592	20	1		0,72		3600
441	2592	20	1		0,72		3600
442	2592	20	1		0,72		3600
443	2592	20	1		0,72		3600
444	2592	20	1		0,72		3600
445	2592	20	1		0,72		3600
446	2592	20	1		0,72		3600
447	2592	20	2		0,72		3600
448	2592	20	2		0,72		3600
449	2592	20	2		0,72		3600
450	2592	20	1		0,72		3600
451	2592	20	1		0,72		3600
452	2592	20	1		0,72		3600
453	2592	20	1		0,72		3600
454	2592	20	1		0,72		3600
455	2592	20	1		0,72		3600
456	2592	20	1		0,72		3600
457	2592	20	1		0,72		3600
458	2592	20	1		0,72		3600
459	2592	20	1		0,72		3600
460	2592	20	1		0,72		3600
461	2592	20	1		0,72		3600
462	2592	20	1		0,72		3600
463	2592	20	1		0,72		3600
464	2592	20	1		0,72		3600
465	2592	20	2		0,72		3600
466	2592	20	1		0,72		3600
467	2592	20	1		0,72		3600
468	2592	20	1		0,72		3600
469	2592	20	1		0,72		3600
470	2592	20	1		0,72		3600
471	2592	20	1		0,72		3600
472	2592	20	2		0,72		3600
473	2592	20	1		0,72		3600
474	2592	20	1		0,72		3600
475	2592	20	2		0,72		3600
476	2592	20	1		0,72		3600
477	2592	20	1		0,72		3600
478	2592	20	1		0,72		3600
479	2592	20	2		0,72		3600
480	2592	20	1		0,72		3600
481	2592	20	1		0,72		3600
482	2592	20	1		0,72		3600
483	2592	20	1		0,72		3600
484	2592	20	1		0,72		3600
485	2592	20	2		0,72		3600
486	2592	20	1		0,72		3600
487	2592	20	1		0,72		3600
488	2592	20	1		0,72		3600
489	2592	20	1		0,72		3600
490	2592	20	2		0,72		3600
491	2592	20	1		0,72		3600
492	2592	20	1		0,72		3600
493	2592	20	1		0,72		3600
494	2592	20	1		0,72		3600
495	2592	20	1		0,72		3600
496	2592	20	1		0,72		3600
497	2592	20	1		0,72		3600
498	2592	20	2		0,72		3600
499	2592	20	2		0,72		3600
500	2592	20	1		0,72		3600
501	2592	20	1		0,72		3600
502	2592	20	1		0,72		3600
503	2592	20	1		0,72		3600
504	2592	20	1		0,72		3600
505	2592	20	1		0,72		3600
506	2592	20	1		0,72		3600
507	2592	20	1		0,72		3600
508	2592	20	1		0,72		3600
509	2592	20	1		0,72		3600
510	2592	20	1		0,72		3600
511	2592	20	1		0,72		3600
512	2592	20	1		0,72		3600
513	2592	20	1		0,72		3600
514	2592	20	1		0,72		3600
515	2592	20	1		0,72		3600
516	133,2	40	1		0,037		3600
517	2592	20	2		0,72		3600
518	50,4	7,5	1		0,014		3600
519	2592	20	2		0,72		3600
520	2592	20	2		0,72		3600
521	2592	20	2		0,72		3600
522	2592	20	2		0,72		3600
523	2592	20	2		0,72		3600
524	2592	20	2		0,72		3600
525	2592	20	2		0,72		3600
526	2592	20	2		0,72		3600
527	2592	20	2		0,72		3600
528	2592	20	2		0,72		3600
529	2592	20	2		0,72		3600
530	2592	20	2		0,72		3600
531	2592	20	2		0,72		3600
532	2592	20	2		0,72		3600
533	50,4	7,5	1		0,014		3600
534	133,2	40	1		0,037		3600
535	50,4	7,5	1		0,014		3600
536	50,4	7,5	1		0,014		3600
537	50,4	7,5	1		0,014		3600
538	50,4	7,5	1		0,014		3600
539	50,4	7,5	2		0,014		3600
540	50,4	7,5	2		0,014		3600
541	50,4	7,5	2		0,014		3600
542	133,2	7,5	2		0,037		3600
543	50,4	7,5	2		0,014		3600
544	50,4	7,5	1		0,014		3600
545	50,4	7,5	1		0,014		3600
546	50,4	7,5	1		0,014		3600
547	50,4	7,5	1		0,014		3600
548	50,4	7,5	2		0,014		3600
549	50,4	7,5	2		0,014		3600
550	50,4	7,5	2		0,014		3600
551	50,4	7,5	2		0,014		3600
552	50,4	7,5	2		0,014		3600
553	133,2	7,5	1		0,037		3600
554	50,4	7,5	2		0,014		3600
555	50,4	7,5	2		0,014		3600
556	50,4	7,5	2		0,014		3600
557	133,2	7,5	1		0,037		3600
558	50,4	7,5	2		0,014		3600
559	50,4	7,5	2		0,014		3600
560	2592	20	2		0,72		3600
561	50,4	7,5	2		0,014		3600
562	50,4	7,5	2		0,014		3600
563	50,4	7,5	2		0,014		3600
564	50,4	7,5	2		0,014		3600
565	133,2	40	1		0,037		3600
566	50,4	7,5	2		0,014		3600
567	50,4	7,5	2		0,014		3600
568	50,4	7,5	2		0,014		3600
569	50,4	7,5	2		0,014		3600
570	2592	20	1		0,72		3600
571	50,4	7,5	2		0,014		3600
572	133,2	40	2		0,037		3600
573	133,2	7,5	2		0,037		3600
574	50,4	7,5	2		0,014		3600
575	2592	20	2		0,72		3600
576	50,4	7,5	2		0,014		3600
577	2592	20	3		0,72		3600
578	50,4	7,5	2		0,014		3600
579	50,4	7,5	2		0,014		3600
580	50,4	7,5	2		0,014		3600
581	50,4	7,5	2		0,014		3600
582	2592	20	2		0,72		3600
583	50,4	7,5	2		0,014		3600
584	50,4	7,5	2		0,014		3600
585	2592	20	1		0,72		3600
586	50,4	7,5	2		0,014		3600
587	50,4	7,5	3		0,014		3600
588	2592	20	3		0,72		3600
589	50,4	7,5	2		0,014		3600
590	50,4	7,5	2		0,014		3600
591	50,4	7,5	2		0,014		3600
592	50,4	7,5	2		0,014		3600
593	50,4	7,5	2		0,014		3600
594	50,4	7,5	2		0,014		3600
595	50,4	7,5	2		0,014		3600
596	50,4	7,5	2		0,014		3600
597	50,4	7,5	2		0,014		3600
598	50,4	7,5	2		0,014		3600
599	50,4	7,5	3		0,014		3600
600	50,4	7,5	3		0,014		3600
601	50,4	7,5	2		0,014		3600
602	2592	20	2		0,72		3600
603	50,4	7,5	2		0,014		3600
604	50,4	7,5	2		0,014		3600
605	50,4	7,5	2		0,014		3600
606	2592	20	2		0,72		3600
607	50,4	7,5	3		0,014		3600
608	50,4	7,5	2		0,014		3600
609	50,4	7,5	2		0,014		3600
610	133,2	40	2		0,037		3600
611	50,4	7,5	2		0,014		3600
612	2592	20	2		0,72		3600
613	50,4	7,5	2		0,014		3600
614	133,2	7,5	2		0,037		3600
615	50,4	7,5	3		0,014		3600
616	133,2	7,5	2		0,037		3600
617	50,4	7,5	3		0,014		3600
618	50,4	7,5	2		0,014		3600
619	50,4	7,5	2		0,014		3600
620	133,2	7,5	1		0,037		3600
621	50,4	7,5	3		0,014		3600
622	50,4	7,5	2		0,014		3600
623	50,4	7,5	2		0,014		3600
624	50,4	7,5	2		0,014		3600
625	50,4	7,5	3		0,014		3600
626	2592	20	1		0,72		3600
627	50,4	7,5	2		0,014		3600
628	50,4	7,5	2		0,014		3600
629	50,4	7,5	2		0,014		3600
630	50,4	7,5	2		0,014		3600
631	50,4	7,5	2		0,014		3600
632	50,4	7,5	2		0,014		3600
633	50,4	7,5	2		0,014		3600
634	133,2	7,5	2		0,037		3600
635	50,4	7,5	2		0,014		3600
636	50,4	7,5	2		0,014		3600
637	50,4	7,5	2		0,014		3600
638	50,4	7,5	2		0,014		3600
639	50,4	7,5	2		0,014		3600
640	50,4	7,5	2		0,014		3600
641	50,4	7,5	0		0,014		3600
642	50,4	7,5	0		0,014		3600
643	133,2	40	0		0,037		3600
644	50,4	7,5	0		0,014		3600
645	133,2	40	1		0,037		3600
646	50,4	7,5	3		0,014		3600
647	50,4	7,5	3		0,014		3600
648	50,4	7,5	3		0,014		3600
649	133,2	7,5	2		0,037		3600
650	50,4	7,5	3		0,014		3600
651	133,2	7,5	1		0,037		3600
652	50,4	7,5	2		0,014		3600
653	50,4	7,5	2		0,014		3600
654	50,4	7,5	2		0,014		3600
655	50,4	7,5	2		0,014		3600
656	50,4	7,5	2		0,014		3600
657	50,4	7,5	2		0,014		3600
658	50,4	7,5	2		0,014		3600
659	50,4	7,5	2		0,014		3600
660	50,4	7,5	2		0,014		3600
661	50,4	7,5	2		0,014		3600
662	50,4	7,5	2		0,014		3600
663	504000	30	4		140		3600
664	504000	30	4		140		3600
665	504000	30	4		140		3600
666	504000	30	4		140		3600
667	504000	30	4		140		3600
668	504000	30	4		140		3600
669	50,4	7,5	2		0,014		3600
670	50,4	7,5	2		0,014		3600
671	50,4	7,5	2		0,014		3600
672	133,2	40	2		0,037		3600
673	504000	30	4		140		3600
674	50,4	7,5	3		0,014		3600
675	133,2	40	2		0,037		3600
676	50,4	7,5	3		0,014		3600
677	50,4	7,5	2		0,014		3600
678	50,4	7,5	3		0,014		3600
679	50,4	7,5	3		0,014		3600
680	504000	30	4		140		3600
681	14,4	15	2		0,004		3600
682	14,4	15	2		0,004		3600
683	50,4	7,5	2		0,014		3600
684	14,4	15	2		0,004		3600
685	504000	30	5		140		3600
686	504000	30	5		140		3600
687	14,4	15	2		0,004		3600
688	14,4	15	2		0,004		3600
689	14,4	15	2		0,004		3600
690	14,4	15	2		0,004		3600
691	14,4	15	2		0,004		3600
692	133,2	7,5	2		0,037		3600
693	14,4	15	2		0,004		3600
694	133,2	40	2		0,037		3600
695	14,4	15	2		0,004		3600
696	14,4	15	2		0,004		3600
697	14,4	15	2		0,004		3600
698	14,4	15	3		0,004		3600
699	504000	30	9		140		3600
700	504000	30	9		140		3600
701	504000	30	9		140		3600
702	504000	30	9		140		3600
703	14,4	15	5		0,004		3600
704	14,4	15	5		0,004		3600
705	14,4	15	3		0,004		3600
706	14,4	15	5		0,004		3600
707	14,4	15	5		0,004		3600
708	504000	30	10		140		3600
709	14,4	15	3		0,004		3600
710	14,4	15	3		0,004		3600
711	504000	30	10		140		3600
712	14,4	15	5		0,004		3600
713	14,4	15	4		0,004		3600
714	14,4	15	4		0,004		3600
715	14,4	15	4		0,004		3600
716	14,4	15	4		0,004		3600
717	14,4	15	4		0,004		3600
718	14,4	15	4		0,004		3600
719	14,4	15	4		0,004		3600
720	504000	30	10		140		3600
721	14,4	15	4		0,004		3600
722	14,4	15	4		0,004		3600
723	14,4	15	4		0,004		3600
724	14,4	15	4		0,004		3600
725	14,4	15	4		0,004		3600
726	14,4	15	4		0,004		3600
727	14,4	15	4		0,004		3600
728	14,4	15	4		0,004		3600
729	14,4	15	4		0,004		3600
730	14,4	15	4		0,004		3600
731	14,4	15	4		0,004		3600
732	14,4	15	4		0,004		3600
733	14,4	15	4		0,004		3600
734	14,4	15	4		0,004		3600
735	14,4	15	4		0,004		3600
736	14,4	15	4		0,004		3600
737	14,4	15	3		0,004		3600
738	14,4	15	3		0,004		3600
739	14,4	15	4		0,004		3600
740	14,4	15	4		0,004		3600
741	14,4	15	4		0,004		3600
742	14,4	15	4		0,004		3600
743	14,4	15	4		0,004		3600
744	14,4	15	4		0,004		3600
745	14,4	15	4		0,004		3600
746	14,4	15	5		0,004		3600
747	14,4	15	5		0,004		3600
748	14,4	15	5		0,004		3600
749	14,4	15	3		0,004		3600
750	14,4	15	3		0,004		3600
751	14,4	15	6		0,004		3600
752	14,4	15	6		0,004		3600
753	14,4	15	4		0,004		3600
754	14,4	15	4		0,004		3600
755	14,4	15	4		0,004		3600
756	14,4	15	6		0,004		3600
757	504000	30	11		140		3600
758	504000	30	11		140		3600
759	504000	30	11		140		3600
760	504000	30	11		140		3600
761	14,4	15	6		0,004		3600
762	14,4	15	5		0,004		3600
763	14,4	15	4		0,004		3600
764	14,4	15	4		0,004		3600
765	14,4	15	5		0,004		3600
766	14,4	15	6		0,004		3600
767	14,4	15	6		0,004		3600
768	14,4	15	4		0,004		3600
769	14,4	15	4		0,004		3600
770	14,4	15	5		0,004		3600
771	14,4	15	6		0,004		3600
772	14,4	15	4		0,004		3600
773	14,4	15	4		0,004		3600
774	14,4	15	6		0,004		3600
775	14,4	15	4		0,004		3600
776	14,4	15	4		0,004		3600
777	14,4	15	4		0,004		3600
778	14,4	15	4		0,004		3600
779	14,4	15	4		0,004		3600
780	14,4	15	4		0,004		3600
781	14,4	15	4		0,004		3600
782	14,4	15	4		0,004		3600
783	504000	30	11		140		3600
784	14,4	15	4		0,004		3600
785	14,4	15	5		0,004		3600
786	14,4	15	5		0,004		3600
787	14,4	15	4		0,004		3600
788	14,4	15	4		0,004		3600
789	14,4	15	5		0,004		3600
790	14,4	15	5		0,004		3600
791	14,4	15	5		0,004		3600
792	14,4	15	5		0,004		3600
793	14,4	15	5		0,004		3600
794	14,4	15	5		0,004		3600
795	14,4	15	5		0,004		3600
796	14,4	15	5		0,004		3600
797	504000	30	12		140		3600
798	14,4	15	6		0,004		3600
799	14,4	15	4		0,004		3600
800	14,4	15	4		0,004		3600
801	14,4	15	5		0,004		3600
802	14,4	15	5		0,004		3600
803	14,4	15	6		0,004		3600
804	14,4	15	6		0,004		3600
805	14,4	15	6		0,004		3600
806	504000	30	12		140		3600
807	14,4	15	4		0,004		3600
808	14,4	15	4		0,004		3600
809	14,4	15	4		0,004		3600
810	504000	30	12		140		3600
811	504000	30	12		140		3600
812	504000	30	12		140		3600
813	14,4	15	4		0,004		3600
814	14,4	15	4		0,004		3600
815	14,4	15	4		0,004		3600
816	14,4	15	4		0,004		3600
817	14,4	15	4		0,004		3600
818	14,4	15	4		0,004		3600
819	14,4	15	4		0,004		3600
820	14,4	15	4		0,004		3600
821	14,4	15	4		0,004		3600
822	14,4	15	4		0,004		3600
823	14,4	15	4		0,004		3600
824	14,4	15	4		0,004		3600
825	504000	30	13		140		3600
826	14,4	15	4		0,004		3600
827	14,4	15	4		0,004		3600
828	504000	30	13		140		3600
829	14,4	15	4		0,004		3600
830	14,4	15	4		0,004		3600
831	14,4	15	5		0,004		3600
832	14,4	15	5		0,004		3600
833	504000	30	13		140		3600
834	504000	30	14		140		3600
835	504000	30	14		140		3600
836	504000	30	14		140		3600
837	504000	30	15		140		3600
838	14,4	15	6		0,004		3600
839	14,4	15	6		0,004		3600
840	14,4	15	6		0,004		3600
841	14,4	15	6		0,004		3600
842	14,4	15	6		0,004		3600
843	14,4	15	5		0,004		3600
844	14,4	15	4		0,004		3600
845	14,4	15	4		0,004		3600
846	14,4	15	3		0,004		3600
847	14,4	15	4		0,004		3600
848	504000	30	20		140		3600
849	14,4	15	3		0,004		3600
850	14,4	15	4		0,004		3600
851	14,4	15	4		0,004		3600
852	14,4	15	4		0,004		3600
853	14,4	15	4		0,004		3600
854	504000	30	19		140		3600
855	14,4	15	3		0,004		3600
856	14,4	15	4		0,004		3600
857	504000	30	20		140		3600
858	14,4	15	4		0,004		3600
859	14,4	15	4		0,004		3600
860	14,4	15	3		0,004		3600
861	14,4	15	5		0,004		3600
862	504000	30	21		140		3600
863	504000	30	20		140		3600
864	504000	30	20		140		3600
865	504000	30	20		140		3600
866	504000	30	20		140		3600
867	14,4	15	4		0,004		3600
868	14,4	15	4		0,004		3600
869	14,4	15	4		0,004		3600
870	14,4	15	4		0,004		3600
871	14,4	15	3		0,004		3600
872	504000	30	20		140		3600
873	14,4	15	6		0,004		3600
874	14,4	15	4		0,004		3600
875	504000	30	21		140		3600
876	504000	30	20		140		3600
877	504000	30	20		140		3600
878	504000	30	20		140		3600
879	504000	30	20		140		3600
880	504000	30	20		140		3600
881	504000	30	20		140		3600
882	504000	30	20		140		3600
883	504000	30	20		140		3600
884	504000	30	20		140		3600
885	504000	30	20		140		3600
886	504000	30	20		140		3600
887	504000	30	20		140		3600
888	504000	30	20		140		3600
889	504000	30	20		140		3600
890	504000	30	20		140		3600
891	504000	30	20		140		3600
892	504000	30	20		140		3600
893	504000	30	20		140		3600
894	504000	30	20		140		3600
895	504000	30	20		140		3600
896	504000	30	20		140		3600
897	504000	30	20		140		3600
898	504000	30	20		140		3600
899	504000	30	20		140		3600
900	504000	30	20		140		3600
901	504000	30	20		140		3600
902	504000	30	20		140		3600
903	504000	30	20		140		3600
904	504000	30	20		140		3600
905	504000	30	20		140		3600
906	504000	30	20		140		3600
907	504000	30	20		140		3600
908	504000	30	20		140		3600
909	504000	30	20		140		3600
910	504000	30	20		140		3600
911	504000	30	20		140		3600
912	504000	30	20		140		3600
913	504000	30	20		140		3600
914	504000	30	20		140		3600
915	504000	30	20		140		3600
916	504000	30	20		140		3600
917	504000	30	20		140		3600
918	504000	30	20		140		3600
919	504000	30	20		140		3600
920	504000	30	20		140		3600
921	504000	30	20		140		3600
922	504000	30	20		140		3600
923	504000	30	20		140		3600
924	504000	30	20		140		3600
925	504000	30	20		140		3600
926	504000	30	20		140		3600
927	504000	30	20		140		3600
928	504000	30	20		140		3600
929	504000	30	20		140		3600
930	504000	30	20		140		3600
931	504000	30	20		140		3600
932	504000	30	20		140		3600
933	504000	30	20		140		3600
934	14,4	15	4		0,004		3600
935	504000	30	20		140		3600
936	14,4	15	5		0,004		3600
937	504000	30	20		140		3600
938	14,4	15	4		0,004		3600
939	14,4	15	4		0,004		3600
940	14,4	15	5		0,004		3600
941	504000	30	20		140		3600
942	504000	30	20		140		3600
943	504000	30	20		140		3600
944	504000	30	20		140		3600
945	14,4	15	5		0,004		3600
946	14,4	15	4		0,004		3600
947	14,4	15	4		0,004		3600
948	14,4	15	3		0,004		3600
949	504000	30	20		140		3600
950	504000	30	20		140		3600
951	14,4	15	4		0,004		3600
952	504000	30	21		140		3600
953	504000	30	21		140		3600
954	504000	30	21		140		3600
955	14,4	15	4		0,004		3600
956	14,4	15	3		0,004		3600
957	504000	30	21		140		3600
958	14,4	15	4		0,004		3600
959	504000	30	21		140		3600
960	504000	30	21		140		3600
961	14,4	15	4		0,004		3600
962	14,4	15	6		0,004		3600
963	14,4	15	4		0,004		3600
964	504000	30	21		140		3600
965	504000	30	21		140		3600
966	14,4	15	3		0,004		3600
967	504000	30	21		140		3600
968	504000	30	21		140		3600
969	14,4	15	5		0,004		3600
970	504000	30	21		140		3600
971	504000	30	21		140		3600
972	504000	30	21		140		3600
973	504000	30	22		140		3600
974	14,4	15	5		0,004		3600
975	504000	30	21		140		3600
976	504000	30	21		140		3600
977	504000	30	21		140		3600
978	504000	30	21		140		3600
979	504000	30	21		140		3600
980	504000	30	22		140		3600
981	504000	30	21		140		3600
982	504000	30	21		140		3600
983	504000	30	21		140		3600
984	504000	30	21		140		3600
985	504000	30	21		140		3600
986	14,4	15	6		0,004		3600
987	14,4	15	4		0,004		3600
988	14,4	15	4		0,004		3600
989	14,4	15	4		0,004		3600
990	504000	30	21		140		3600
991	14,4	15	4		0,004		3600
992	14,4	15	4		0,004		3600
993	14,4	15	5		0,004		3600
994	504000	30	22		140		3600
995	14,4	15	5		0,004		3600
996	504000	30	22		140		3600
997	14,4	15	4		0,004		3600
998	504000	30	22		140		3600
999	504000	30	22		140		3600
1000	504000	30	22		140		3600
1001	504000	30	22		140		3600
1002	504000	30	22		140		3600
1003	504000	30	22		140		3600
1004	504000	30	22		140		3600
1005	504000	30	22		140		3600
1006	504000	30	22		140		3600
1007	14,4	15	4		0,004		3600
1008	14,4	15	5		0,004		3600
1009	504000	30	22		140		3600
1010	14,4	15	4		0,004		3600
1011	14,4	15	4		0,004		3600
1012	504000	30	23		140		3600
1013	504000	30	23		140		3600
1014	504000	30	23		140		3600
1015	504000	30	23		140		3600
1016	504000	30	23		140		3600
1017	14,4	15	4		0,004		3600
1018	504000	30	23		140		3600
1019	14,4	15	3		0,004		3600
1020	504000	30	23		140		3600
1021	504000	30	23		140		3600
1022	504000	30	23		140		3600
1023	504000	30	23		140		3600
1024	504000	30	23		140		3600
1025	14,4	15	3		0,004		3600
1026	504000	30	24		140		3600
1027	504000	30	24		140		3600
1028	504000	30	24		140		3600
1029	504000	30	24		140		3600
1030	14,4	15	4		0,004		3600
1031	504000	30	24		140		3600
1032	504000	30	24		140		3600
1033	14,4	15	4		0,004		3600
1034	504000	30	24		140		3600
1035	504000	30	24		140		3600
1036	504000	30	24		140		3600
1037	504000	30	24		140		3600
1038	504000	30	24		140		3600
1039	504000	30	24		140		3600
1040	504000	30	24		140		3600
1041	504000	30	24		140		3600
1042	504000	30	24		140		3600
1043	504000	30	24		140		3600
1044	14,4	15	24		0,004		3600
1045	504000	30	24		140		3600
1046	14,4	15	24		0,004		3600
1047	14,4	15	24		0,004		3600
1048	504000	30	24		140		3600
1049	504000	30	24		140		3600
1050	504000	30	24		140		3600
1051	504000	30	24		140		3600
1052	504000	30	24		140		3600
1053	504000	30	24		140		3600
1054	504000	30	24		140		3600
1055	504000	30	24		140		3600
1056	504000	30	24		140		3600
1057	504000	30	24		140		3600
1058	14,4	15	24		0,004		3600
1059	504000	30	24		140		3600
1060	504000	30	24		140		3600
1061	504000	30	24		140		3600
1062	504000	30	24		140		3600
1063	504000	30	24		140		3600
1064	504000	30	24		140		3600
1065	504000	30	24		140		3600
1066	504000	30	24		140		3600
1067	504000	30	24		140		3600
1068	504000	30	24		140		3600
1069	504000	30	24		140		3600
1070	14,4	15	24		0,004		3600
1071	504000	30	24		140		3600
1072	504000	30	24		140		3600
1073	504000	30	24		140		3600
1074	504000	30	24		140		3600
1075	504000	30	24		140		3600
1076	504000	30	24		140		3600
1077	504000	30	24		140		3600
1078	504000	30	24		140		3600
1079	504000	30	24		140		3600
1080	504000	30	24		140		3600
1081	504000	30	24		140		3600
1082	14,4	15	24		0,004		3600
1083	14,4	15	24		0,004		3600
1084	504000	30	24		140		3600
1085	504000	30	24		140		3600
1086	504000	30	24		140		3600
1087	504000	30	24		140		3600
1088	230400	30	24		64		3600
1089	230400	30	24		64		3600
1090	230400	30	24		64		3600
1091	230400	30	24		64		3600
1092	230400	30	24		64		3600
1093	230400	30	24		64		3600
1094	230400	30	24		64		3600
1095	504000	30	24		140		3600
1096	230400	30	24		64		3600
1097	230400	30	24		64		3600
1098	230400	30	24		64		3600
1099	230400	30	24		64		3600
1100	230400	30	24		64		3600
1101	230400	30	24		64		3600
1102	230400	30	24		64		3600
1103	230400	30	24		64		3600
1104	230400	30	24		64		3600
1105	230400	30	24		64		3600
1106	230400	30	24		64		3600
1107	230400	30	24		64		3600
1108	230400	30	24		64		3600
1109	230400	30	24		64		3600
1110	230400	30	24		64		3600
1111	230400	30	24		64		3600
1112	230400	30	24		64		3600
1113	230400	30	24		64		3600
1114	230400	30	24		64		3600
1115	230400	30	24		64		3600
1116	230400	30	24		64		3600
1117	230400	30	24		64		3600
1118	230400	30	24		64		3600
1119	230400	30	24		64		3600
1120	230400	30	24		64		3600
1121	230400	30	24		64		3600
1122	230400	30	24		64		3600
1123	230400	30	24		64		3600
1124	230400	30	24		64		3600
1125	230400	30	24		64		3600
1126	230400	30	24		64		3600
1127	230400	30	24		64		3600
1128	504000	30	24		140		3600
1129	504000	30	23		140		3600
1130	504000	30	23		140		3600
1131	504000	30	22		140		3600
1132	504000	30	22		140		3600
1133	504000	30	22		140		3600
1134	504000	30	22		140		3600
1135	504000	30	22		140		3600
1136	504000	30	22		140		3600
1137	504000	30	21		140		3600
1138	504000	30	21		140		3600
1139	504000	30	21		140		3600
1140	504000	30	21		140		3600
1141	504000	30	21		140		3600
1142	504000	30	21		140		3600
1143	504000	30	21		140		3600
1144	504000	30	21		140		3600
1145	504000	30	21		140		3600
1146	504000	30	21		140		3600
1147	504000	30	21		140		3600
1148	504000	30	21		140		3600
1149	504000	30	21		140		3600
1150	504000	30	21		140		3600
1151	504000	30	21		140		3600
1152	504000	30	21		140		3600
1153	504000	30	21		140		3600
1154	504000	30	21		140		3600
1155	504000	30	21		140		3600
1156	504000	30	21		140		3600
1157	504000	30	21		140		3600
1158	504000	30	20		140		3600
1159	504000	30	20		140		3600
1160	504000	30	20		140		3600
1161	504000	30	20		140		3600
1162	504000	30	20		140		3600
1163	504000	30	20		140		3600
1164	504000	30	20		140		3600
1165	504000	30	20		140		3600
1166	504000	30	20		140		3600
1167	504000	30	20		140		3600
1168	504000	30	20		140		3600
1169	504000	30	20		140		3600
1170	504000	30	20		140		3600
1171	504000	30	20		140		3600
1172	504000	30	20		140		3600
1173	504000	30	20		140		3600
1174	504000	30	20		140		3600
1175	504000	30	20		140		3600
1176	504000	30	20		140		3600
1177	504000	30	20		140		3600
1178	504000	30	20		140		3600
1179	504000	30	20		140		3600
1180	504000	30	20		140		3600
1181	504000	30	20		140		3600
1182	230400	30	20		64		3600
1183	230400	30	20		64		3600
1184	230400	30	20		64		3600
1185	230400	30	20		64		3600
1186	230400	30	20		64		3600
1187	230400	30	20		64		3600
1188	230400	30	20		64		3600
1189	230400	30	20		64		3600
1190	504000	30	20		140		3600
1191	504000	30	20		140		3600
1192	504000	30	20		140		3600
1193	504000	30	20		140		3600
1194	504000	30	20		140		3600
1195	504000	30	20		140		3600
1196	504000	30	20		140		3600
1197	504000	30	20		140		3600
1198	504000	30	20		140		3600
1199	504000	30	20		140		3600
1200	504000	30	20		140		3600
1201	504000	30	20		140		3600
1202	504000	30	20		140		3600
1203	504000	30	20		140		3600
1204	504000	30	20		140		3600
1205	504000	30	20		140		3600
1206	504000	30	20		140		3600
1207	504000	30	20		140		3600
1208	504000	30	20		140		3600
1209	504000	30	20		140		3600
1210	504000	30	20		140		3600
1211	504000	30	20		140		3600
1212	504000	30	20		140		3600
1213	504000	30	20		140		3600
1214	504000	30	20		140		3600
1215	504000	30	20		140		3600
1216	504000	30	20		140		3600
1217	504000	30	20		140		3600
1218	504000	30	20		140		3600
1219	504000	30	20		140		3600
1220	504000	30	20		140		3600
1221	504000	30	20		140		3600
1222	504000	30	20		140		3600
1223	504000	30	20		140		3600
1224	504000	30	20		140		3600
1225	504000	30	20		140		3600
1226	504000	30	20		140		3600
1227	504000	30	20		140		3600
1228	504000	30	20		140		3600
1229	504000	30	20		140		3600
1230	504000	30	20		140		3600
1231	504000	30	20		140		3600
1232	504000	30	20		140		3600
1233	504000	30	20		140		3600
1234	504000	30	20		140		3600
1235	504000	30	20		140		3600
1236	504000	30	20		140		3600
1237	504000	30	20		140		3600
1238	504000	30	20		140		3600
1239	504000	30	20		140		3600
1240	504000	30	20		140		3600
1241	504000	30	20		140		3600
1242	504000	30	20		140		3600
1243	504000	30	20		140		3600
1244	504000	30	20		140		3600
1245	504000	30	20		140		3600
1246	504000	30	20		140		3600
1247	504000	30	20		140		3600
1248	504000	30	20		140		3600
1249	504000	30	20		140		3600
1250	504000	30	20		140		3600
1251	504000	30	20		140		3600
1252	504000	30	20		140		3600
1253	504000	30	20		140		3600
1254	504000	30	20		140		3600
1255	504000	30	20		140		3600
1256	504000	30	20		140		3600
1257	504000	30	20		140		3600
1258	504000	30	20		140		3600
1259	504000	30	20		140		3600
1260	504000	30	20		140		3600
1261	504000	30	20		140		3600
1262	504000	30	20		140		3600
1263	504000	30	20		140		3600
1264	504000	30	20		140		3600
1265	504000	30	20		140		3600
1266	504000	30	20		140		3600
1267	504000	30	20		140		3600
1268	504000	30	20		140		3600
1269	504000	30	20		140		3600
1270	504000	30	20		140		3600
1271	504000	30	20		140		3600
1272	504000	30	20		140		3600
1273	504000	30	20		140		3600
1274	504000	30	20		140		3600
1275	504000	30	20		140		3600
1276	504000	30	20		140		3600
1277	504000	30	20		140		3600
1278	504000	30	20		140		3600
1279	504000	30	20		140		3600
1280	504000	30	20		140		3600
1281	504000	30	20		140		3600
1282	504000	30	20		140		3600
1283	504000	30	20		140		3600
1284	504000	30	20		140		3600
1285	504000	30	20		140		3600
1286	504000	30	20		140		3600
1287	504000	30	20		140		3600
1288	504000	30	20		140		3600
1289	504000	30	20		140		3600
1290	504000	30	20		140		3600
1291	504000	30	20		140		3600
1292	504000	30	20		140		3600
1293	504000	30	20		140		3600
1294	504000	30	20		140		3600
1295	504000	30	20		140		3600
1296	504000	30	20		140		3600
1297	504000	30	20		140		3600
1298	504000	30	20		140		3600
1299	504000	30	20		140		3600
1300	504000	30	20		140		3600
1301	504000	30	20		140		3600
1302	504000	30	20		140		3600
1303	504000	30	20		140		3600
1304	504000	30	20		140		3600
1305	504000	30	20		140		3600
1306	504000	30	20		140		3600
1307	504000	30	20		140		3600
1308	504000	30	20		140		3600
1309	504000	30	20		140		3600
1310	504000	30	20		140		3600
1311	504000	30	20		140		3600
1312	504000	30	20		140		3600
1313	504000	30	20		140		3600
1314	504000	30	20		140		3600
1315	504000	30	20		140		3600
1316	504000	30	20		140		3600
1317	504000	30	20		140		3600
1318	504000	30	20		140		3600
1319	504000	30	20		140		3600
1320	504000	30	20		140		3600
1321	504000	30	20		140		3600
1322	504000	30	20		140		3600
1323	504000	30	20		140		3600
1324	504000	30	20		140		3600
1325	504000	30	20		140		3600
1326	504000	30	20		140		3600
1327	504000	30	20		140		3600
1328	504000	30	20		140		3600
1329	504000	30	20		140		3600
1330	504000	30	20		140		3600
1331	504000	30	20		140		3600
1332	504000	30	20		140		3600
1333	504000	30	20		140		3600
1334	504000	30	20		140		3600
1335	504000	30	20		140		3600
1336	504000	30	20		140		3600
1337	504000	30	20		140		3600
1338	504000	30	20		140		3600
1339	504000	30	20		140		3600
1340	504000	30	20		140		3600
1341	504000	30	20		140		3600
1342	504000	30	20		140		3600
1343	504000	30	20		140		3600
1344	504000	30	20		140		3600
1345	504000	30	20		140		3600
1346	230400	30	20		64		3600
1347	230400	30	20		64		3600
1348	230400	30	20		64		3600
1349	230400	30	20		64		3600
1350	230400	30	20		64		3600
1351	230400	30	20		64		3600
1352	230400	30	20		64		3600
1353	230400	30	20		64		3600
1354	230400	30	20		64		3600
1355	230400	30	20		64		3600
1356	230400	30	20		64		3600
1357	230400	30	20		64		3600
1358	230400	30	20		64		3600
1359	230400	30	20		64		3600
1360	230400	30	20		64		3600
1361	230400	30	20		64		3600
1362	230400	30	20		64		3600
1363	230400	30	17		64		3600
1364	230400	30	17		64		3600
