10 2000000000.0 24
0 0 0 0 0 0 0 0 0 0 0 0 0 0 0 0 0 0 0 0 0 0 0 0
0.4 0.4 0.4 0.4 0.4 0.4 1.0 1.0 1.0 1.0 1.0 1.0 1.0 1.0 1.0 1.0 1.0 1.0 1.0 1.0 1.0 0.4 0.4 0.4								01						0.72	         	20												2
								02						0.004						15												4
								03						140							30												12
								04						140							30												24
								05						0.72						20												2
								06						140							30												9
								07						0.014						7.5												1
								08						0.037						7.5												2
								09						0.72						20												1
								10						0.72						20												1							 
